485.730679871443,121.015015397548,75.2371786761918,60.6842272945535,53.0813343407928,64.1595109216168,66.2350402395011,71.2942810074022,75.0532004000023,77.2559084549024,78.3247918478747,88.5229227897961,91.3279755111565,99.9627749402236,96.393983588124,96.7827736752425,109.677845354513,109.049857264244,109.230509150805,112.459105722196
164.039794007132,38.1805267124581,34.3797585510608,34.6924717040286,37.4301324103726,52.8996735645156,61.4451133539095,72.3680213796009,76.096739642202,78.3562839865491,78.9037387647238,91.1388943121598,91.9381869161777,101.214820231718,96.97190112423,97.5640916766718,109.528825937031,109.378833991733,112.343776016027,113.061084262981
362.950041617683,43.1991457845476,36.9345513481733,36.875589638749,36.0135303959032,53.7266858065441,63.7988970228393,74.1853505392496,77.9810037846425,79.2341428878236,80.1872955868472,96.8044099782317,92.7761356503535,102.50174436394,97.8742756614437,98.3408526221697,109.949863224317,112.491372333115,112.843728458378,113.64240792434
442.508534463495,48.0661148239243,42.2604550258272,42.3676169798004,38.1278414660142,54.8888343700395,65.7441206681168,76.3201487176951,79.3833542770608,79.8277544145705,78.1053498625816,96.8277961611911,94.9528814103763,103.657427161604,98.5269305782064,100.452205683919,112.96939626562,112.89841674802,113.357948490742,114.245043308036
470.964632004239,55.1979744733734,44.5405228214086,43.9223310538862,42.2111909478491,55.036902677011,67.2924430043443,78.6015282690243,81.4549300384541,81.3546568753818,81.6587382305815,96.8443349964536,96.2386826405445,93.4603631789308,100.612020383524,101.22685729673,113.292028131115,113.312710136334,113.972664906218,117.185948424689
468.704636717349,65.9373452427344,47.2271310751966,46.010634928921,48.1727674854086,52.2798218828258,67.921429528454,80.5466606038127,83.0538339036466,82.8156687207787,88.7511810010246,96.3676036309518,94.9005853519374,103.149239362175,101.225968819078,101.707744892163,113.497898407493,113.623558877161,116.688389782808,117.556594941094
473.219979833801,81.655339036771,50.7643240468088,46.4859993637293,55.9127647297884,53.2618506828727,68.5574066528716,82.3646884031279,84.5514202479214,83.8387400401601,83.7249467087664,98.8266139915431,101.477371688916,103.528210727313,101.64846955118,102.240325526085,113.685719476443,116.569776154524,117.120491418335,118.142231963932
447.030808650535,96.9093349615823,56.104606003978,46.7602246125701,64.9234208710896,54.3396588927353,69.4859784608388,83.2254568053938,86.4351877223789,84.856401872656,84.1528229178,98.374304354837,103.587833819014,103.796194225905,102.01497650508,102.611194976399,116.332242339496,116.787074485086,117.487911319215,118.42584815429
416.518909814272,113.021524817413,64.0886501650591,47.8844086120888,75.4788306550558,57.458761206157,70.8520291163331,84.0449107955558,87.8215451890649,86.4388060898745,85.0438415589607,99.2660593316749,93.8103517938618,103.869556532909,102.583012401908,104.377524557485,116.415606216498,116.843690839694,117.58573037138,121.089297215177
438.272465425734,124.658883624044,68.7246748579189,50.9100852375006,80.89202004789,59.3095654208375,72.0373982855755,84.5309645710584,89.4928427278285,87.6756229876376,85.4239306102404,99.0925565488375,93.9918647753903,103.929956186863,104.164356044729,104.805151604108,116.62222537584,116.908440132396,120.259673140857,121.374587992189
428.884474446305,156.900943656234,70.1627792329393,57.3297137708789,84.1831372567011,61.9081567553455,76.0357571665364,87.5641071725279,90.6140979082186,88.3952922116681,86.7590077660675,98.3237936507628,94.9031688067448,106.342406458308,104.320660294403,105.061271099597,116.72211661911,119.399621827345,120.224091242889,121.61697846606
428.7623125033,193.059901607635,77.1381533519084,69.6638688126119,83.5633727494342,65.5999074428527,76.7887940801999,87.9118698432761,91.7530484324349,89.4205040415521,87.6789885149857,100.32696552983,94.7634645003443,106.502847386005,104.377569844559,105.24190754086,118.886814917033,119.653050843491,120.303629413823,121.618641349627
432.770350790703,227.225218290836,92.0674094806408,83.5914437705193,86.2554348615885,69.3402436986031,78.4993088319044,88.7160061883295,92.3512848038663,90.5394508707589,88.342980229672,99.6409090860394,97.6562123486921,106.444820214961,104.693667793089,105.54445645166,119.097619573183,119.787080892984,120.683341654063,121.938187890324
420.144688750471,245.607689590795,112.087976036665,91.4503111135711,84.6619580614115,72.4303669664021,79.5930998851053,88.6642824430253,93.0087956980683,91.3575644762597,89.399049544102,99.1754030967308,98.1400931232527,105.537777090231,104.757132444525,105.691498635516,118.816816377239,119.686448171951,120.802410138002,121.892232610103
419.744239745704,262.050652262212,127.536882779534,108.638576912755,84.9336092190255,77.0445799944653,81.5052036315801,89.1110355794544,94.824899625618,91.5279671596329,80.4695920511225,102.463992593641,98.9518492243055,106.22139053071,106.318289761339,107.430438152183,118.969056154998,119.527793725973,120.849851275607,124.378314965597
421.721353022558,260.312503899959,144.748120617844,121.788443993029,84.417673560645,82.1606066526083,82.2412981283929,89.5789427714101,95.3723957560257,93.3217390021567,92.0509711914249,101.560687619198,98.8911385877822,106.312343647002,106.507657504401,107.513779773844,118.815573987209,119.631920367325,123.122676600408,124.503727811029
419.435157640243,260.887606011686,165.711247519393,129.829804208434,88.7884345146005,87.4877985142563,83.3368850557783,89.3122716604421,96.0509835662242,93.4417922335831,92.1010463654866,100.943299830126,93.0947770249059,108.005748449592,106.316566642158,107.119520126296,118.550313699942,121.924739120397,123.242430615611,124.423770221431
428.258029665171,260.800578431519,183.069314866892,137.273493991824,89.2773860999692,92.6987405934662,85.0725642434086,90.2359327125298,96.7208163921967,95.3199523709574,92.3175343261295,107.495221131267,98.1267169319806,108.088461325055,106.103585411612,107.434177102058,120.695303388064,121.906456550842,123.526896342594,124.409259335257
428.813752816961,255.603911916096,200.776573231576,140.63044022896,92.0198066813763,97.2173043526725,86.3174215114289,91.253462132134,97.1121159864168,95.8380676965067,92.6716405352934,104.164258254306,101.340047719134,107.753065148957,106.257971128271,107.697503754584,118.337630637159,121.720105268094,122.948165785737,124.615729684621
426.050291172109,256.956454729564,210.948697059298,145.484872680542,93.7496442312011,101.584259471756,87.388074195563,91.3817547898732,97.1510733002099,96.6106197051219,94.1470892037682,91.8327763556676,101.861492782641,107.926577125276,106.486485484159,107.592235114759,120.495682781092,121.549930980041,122.980976540193,124.609206794656
